2.454977347707250693e-03
2.348881589905046832e-03
2.307932146451401306e-03
2.273318230164774693e-03
2.134330891388403015e-03
1.608830438404585967e-03
9.062392781568459534e-04
7.884463657364264343e-04
6.822372080299589619e-04
6.068902657852142703e-04
5.239516704883864220e-04
4.644933625515821935e-04
4.076126340408696251e-04
3.627490676227782462e-04
3.009025606058209610e-04
2.543355386849312531e-04
2.329757548770397405e-04
2.038020178556747275e-04
1.736996867894477188e-04
1.486268535090748139e-04
1.303532265460176126e-04
1.098330476940933209e-04
9.636485491388126559e-05
8.890983781685990060e-05
7.840209967540424138e-05
7.390154561084432891e-05
6.719176437183947887e-05
6.253132228027606242e-05
6.178107324052469873e-05
5.988389170153548879e-05
5.598937039842942541e-05
5.595543573707013261e-05
5.480302314538571749e-05
5.415224849784197928e-05
5.326830871285568605e-05
5.210067995057105969e-05
5.213228476815337520e-05
5.188485382482980134e-05
5.016804982277195055e-05
4.768241518638557876e-05
4.419425385116913395e-05
4.059364971010569840e-05
3.738761922826659007e-05
3.409890297702322296e-05
3.079596403127527816e-05
2.816161748064310781e-05
2.453207894300465835e-05
2.132099093779905375e-05
1.834063286152403036e-05
1.679685407036146422e-05
1.592259844895929372e-05
1.483448929748868088e-05
1.435726487702384156e-05
1.438979627653978901e-05
1.410415536546640871e-05
1.348140353925300665e-05
1.331436659692951650e-05
1.291124945197116993e-05
1.278821785102114477e-05
1.314285978232858694e-05
1.300918323319680933e-05
1.278638158198626492e-05
1.279023912087232491e-05
1.224606036985755825e-05
1.226902441326784719e-05
1.228578271602238597e-05
1.246590197619935759e-05
1.233747323890871192e-05
1.233986342985568244e-05
1.234919649622776998e-05
1.235043829589617785e-05
1.264230512728247165e-05
1.261052504805764655e-05
1.247580585741455276e-05
1.242948996912650236e-05
1.237781241897799466e-05
1.205343578914026589e-05
1.178442783334325232e-05
1.172827792285345109e-05
1.140343175877559520e-05
1.136065215072843540e-05
1.111169829281145164e-05
1.084345175747140162e-05
1.053969836721155047e-05
1.031906175627543964e-05
1.032057710125102474e-05
1.004884538534426217e-05
1.002040003260468319e-05
9.670223142721814857e-06
9.022146206648841307e-06
8.455798122479060835e-06
8.432995738150517734e-06
8.273452682015160778e-06
8.211191684643611371e-06
8.120060245986459734e-06
7.819135910651511752e-06
7.703386289967666890e-06
7.689258093587863455e-06
7.616336712878942806e-06
7.698321384767555119e-06
7.857053106270040516e-06
7.831486702939013676e-06
8.003383141321296579e-06
7.994312725663027904e-06
7.925375666451147530e-06
7.789715702239732910e-06
7.657860636326542975e-06
7.606862194544409080e-06
7.503630028594434713e-06
7.421420769108709117e-06
7.209131039461402330e-06
7.134737570428330348e-06
6.940455362988630964e-06
6.792512799690535275e-06
6.931400635835394830e-06
6.987738354417965900e-06
6.923588555162930354e-06
6.946996147967629517e-06
6.811911932937255968e-06
6.754836146324475178e-06
6.644036967609821573e-06
6.620169767153544067e-06
6.304846263709177458e-06
6.194033914426736365e-06
6.117453742685132338e-06
5.915723819233896361e-06
5.953437762440515591e-06
5.873593431713925498e-06
5.985757550923450459e-06
5.986663260810995852e-06
6.015713282660035562e-06
5.884090746902733214e-06
5.853794911699796211e-06
5.772020273526481928e-06
5.704421909956694629e-06
5.737373066545205285e-06
5.700653648046900956e-06
5.632842392812856995e-06
5.453504661584241223e-06
5.335246497847314769e-06
5.307243512399428614e-06
5.207651667772409590e-06
5.198551096962609036e-06
5.151145041379377504e-06
5.144707490357814579e-06
4.945393713798110518e-06
4.899915447569410388e-06
4.801641908008789542e-06
4.770309273128947169e-06
4.772446793469380822e-06
4.701011493389625463e-06
4.776619608624441279e-06
4.685377949740908629e-06
4.615549227995788088e-06
4.505083264464836150e-06
4.473968077214472969e-06
4.481866311503913985e-06
4.324299187072458539e-06
4.385945920151003461e-06
4.341962979979394296e-06
4.223815336336811483e-06
4.240070175615296785e-06
4.239762644473923468e-06
4.234450510052598324e-06
4.182807949647987758e-06
4.154415419297531876e-06
4.044914978125643712e-06
4.006063937167580818e-06
3.998383794759510719e-06
4.001841277249199713e-06
3.960925703467446371e-06
4.005613648249861787e-06
3.923979855056213678e-06
3.838331602369388766e-06
3.808559413565371510e-06
3.710274940718562629e-06
3.687064838052647289e-06
3.682385641109905064e-06
3.640816922429836311e-06
3.662309314154603182e-06
3.676325492327200778e-06
3.565364823305111614e-06
3.528207872500444558e-06
3.529489922603762878e-06
3.541147749632696086e-06
3.550476056725848896e-06
3.560633587032075255e-06
3.523315321422794161e-06
3.407920250867422294e-06
3.342074017914639545e-06
3.319954689508486414e-06
3.316724223553935654e-06
3.413251330489519665e-06
3.463887529934325158e-06
3.353558363671333973e-06
3.328799234272061242e-06
3.321890323557804716e-06
3.309220277038977685e-06
3.343609048883842301e-06
3.427626398233680566e-06
5.053572351415723307e-06
4.989501478538308819e-06
5.078784151921826145e-06
5.069743804722964651e-06
4.955704832379988719e-06
4.934989620994278838e-06
5.006476629192938940e-06
4.857449802827083090e-06
4.734444634971702496e-06
4.710753780889061359e-06
3.252097354219077972e-06
2.926091934770060092e-06
2.880810150225340186e-06
2.810799361479283384e-06
2.802257018537694381e-06
2.805952880480555746e-06
2.836655521830496531e-06
2.809841664453594740e-06
2.836300366700734804e-06
2.846014823335062548e-06
2.849588971542206239e-06
2.858095320411672591e-06
2.855150467340653139e-06
2.859496251254890381e-06
2.777472127962614710e-06
2.740862899816023999e-06
2.687836965481191438e-06
2.674811889141597682e-06
2.678934500502131387e-06
2.685408504257500222e-06
2.717321457526202305e-06
2.653188297999803459e-06
2.584665306315493239e-06
2.621480865288097670e-06
2.590376798097372913e-06
2.557515539341196106e-06
2.556452208759023538e-06
2.563922768736650718e-06
2.517189763485299524e-06
2.466840167970390540e-06
2.416948868995563056e-06
2.469249828802567023e-06
2.559594266124452197e-06
2.581179563323021135e-06
2.554194419645759515e-06
2.572624134568430925e-06
2.558842557001469251e-06
2.493006612250235502e-06
2.541517216788416913e-06
2.564074665739350117e-06
2.606092629327036211e-06
2.573116485125095288e-06
2.442431242884132719e-06
2.368663131859960005e-06
2.333982841630307208e-06
2.292080302353769615e-06
2.240750540679161973e-06
2.248117958032384869e-06
2.204048977997641005e-06
2.146961583109371039e-06
2.093337751616820163e-06
2.027189161572129049e-06
1.973984009000640763e-06
2.006499548462179110e-06
2.013068915089277532e-06
1.981556207561258717e-06
1.977330267556885518e-06
1.994807479545658698e-06
1.992349378528647811e-06
2.004606436053924120e-06
1.980618841549028745e-06
1.939148362547771215e-06
1.949011521218281732e-06
1.905980965272097824e-06
1.883548045159658673e-06
1.830011486183070294e-06
1.833934874920164935e-06
1.808247867421338541e-06
1.801614823612198697e-06
1.790908341985022824e-06
1.756833184806427827e-06
1.743084747146532812e-06
1.743391484942770678e-06
1.730759531894274794e-06
1.775303714780382566e-06
1.777790894682607917e-06
1.763401029741078815e-06
1.734891171182321465e-06
1.721941525477343881e-06
1.690241977257633380e-06
1.675781241533430794e-06
1.675958924283365126e-06
1.671698101615564691e-06
1.674511157385154926e-06
1.618657352402112738e-06
1.588435851591023630e-06
1.575022417875858177e-06
1.523118740624880218e-06
1.495014097730572988e-06
1.506614114345531060e-06
1.489222737777453286e-06
1.452786522060865787e-06
1.468682384458995784e-06
1.423713338502335556e-06
1.427706875037167128e-06
1.408267027309648417e-06
1.399642577656305356e-06
1.388128022372630441e-06
1.388429097691491764e-06
1.384334618009455249e-06
1.343696658345247977e-06
1.342884201187125312e-06
1.305541511523813597e-06
1.273819393864399798e-06
1.230801262331556709e-06
1.247155298199734758e-06
1.225535929911893811e-06
1.175215814609941193e-06
1.163429010183060911e-06
1.142030602860538546e-06
1.146123091488799352e-06
1.127773462233248632e-06
1.130246537707416438e-06
1.128917465513980482e-06
1.117294718626716061e-06
1.111814174540195105e-06
1.084815307873326456e-06
1.104890479079066376e-06
1.115566232909554216e-06
1.098516668065185593e-06
1.093467603360204676e-06
1.089297811439319455e-06
1.065258953825786461e-06
1.038124495947356464e-06
1.055928515401496071e-06
1.049616953729679559e-06
1.045301309167107061e-06
1.033561795701639052e-06
9.981159194021903673e-07
9.724014782104583192e-07
9.618984008582552572e-07
9.292302047159860602e-07
9.302253332298749979e-07
9.272488512040515696e-07
8.878229912003807470e-07
8.656989289504862215e-07
8.547095494862144482e-07
8.297138755990537922e-07
8.189905014631223258e-07
8.208741666147029692e-07
7.838409094124100436e-07
7.884343876144946153e-07
7.864428326580549694e-07
7.708454221982476514e-07
7.562225850040314911e-07
7.499131344595452412e-07
7.405412495988163645e-07
7.403510887123222681e-07
7.369500330257896175e-07
7.185490548481241854e-07
7.192918867304967149e-07
7.191708827210568839e-07
7.299979258103862676e-07
7.218645102902206275e-07
7.374671267522804561e-07
7.272833109666740493e-07
7.233880105054337202e-07
7.156544112623772359e-07
7.193532800036355508e-07
7.117217327572211499e-07
7.117422253268716725e-07
6.973131890096125163e-07
6.756769150851797031e-07
6.565856275649725085e-07
6.459544539485665655e-07
6.443241561578100498e-07
6.315955623599307815e-07
6.255546280618401212e-07
6.116611223367709886e-07
6.056636541258294494e-07
5.987910657973991218e-07
5.961883004317546310e-07
5.933579480947767748e-07
5.880158272083328856e-07
5.840090974800383533e-07
5.851477847964516638e-07
5.680526566277666177e-07
5.610484204312222472e-07
5.543034134729911649e-07
5.456125891464738554e-07
5.388122219693158135e-07
5.449341534473047324e-07
5.320790812699521387e-07
5.236320009928266801e-07
5.265215302088983596e-07
5.018480655612097053e-07
5.129160988700848927e-07
5.130901753092456378e-07
5.074578673029613026e-07
5.046154511430630614e-07
5.074167548897630109e-07
5.143645425484470770e-07
5.197072608733425844e-07
5.164926015659653924e-07
5.372260861817503908e-07
5.885319872685807518e-07
5.702593002130991173e-07
5.669489732867384516e-07
5.762950080553115582e-07
5.617782633243906338e-07
